image_width: 640
image_height: 480
camera_name: camera
camera_matrix:
  rows: 3
  cols: 3
  data: [305.397177, 0.000000, 336.958099, 0.000000, 305.864890, 246.944628, 0.000000, 0.000000, 1.000000]
distortion_model: plumb_bob
distortion_coefficients:
  rows: 1
  cols: 5
  data: [0.006303, -0.024501, -0.000539, 0.003009, 0.000000]
rectification_matrix:
  rows: 3
  cols: 3
  data: [1.000000, 0.000000, 0.000000, 0.000000, 1.000000, 0.000000, 0.000000, 0.000000, 1.000000]
projection_matrix:
  rows: 3
  cols: 4
  data: [296.583282, 0.000000, 342.944432, 0.000000, 0.000000, 304.214661, 246.855242, 0.000000, 0.000000, 0.000000, 1.000000, 0.000000]
