image_width: 640
image_height: 480
camera_name: camera
camera_matrix:
  rows: 3
  cols: 3
  data: [545.653905, 0.000000, 310.463377, 0.000000, 545.693126, 231.428938, 0.000000, 0.000000, 1.000000]
distortion_model: plumb_bob
distortion_coefficients:
  rows: 1
  cols: 5
  data: [-0.018733, 0.023109, -0.000409, -0.005864, 0.000000]
rectification_matrix:
  rows: 3
  cols: 3
  data: [1.000000, 0.000000, 0.000000, 0.000000, 1.000000, 0.000000, 0.000000, 0.000000, 1.000000]
projection_matrix:
  rows: 3
  cols: 4
  data: [543.742371, 0.000000, 306.761061, 0.000000, 0.000000, 547.355652, 231.245765, 0.000000, 0.000000, 0.000000, 1.000000, 0.000000]
